Accuracy: 0.819976806640625
F1: 0.7977647502485515
AUC: 0.9163597837151192
