Accuracy: 0.74920654296875
F1: 0.744719184890656
AUC: 0.8156265466127572
