Accuracy: 0.779541015625
F1: 0.7685208920789541
AUC: 0.8598836274232632
