Accuracy: 0.8485107421875
F1: 0.8386215864759428
AUC: 0.9265897028256038